
 Tak prezentuje sie podana macierz
   -1.00    2.00    3.00    3.00    3.00    8.00
    4.00    5.00   -6.00   -6.00   -6.00    8.00
   -7.00    7.00    8.00    8.00    8.00   -6.00
   -7.00    7.00   15.00   48.00    8.00   15.00
   -1.00    2.00    3.00    3.00   -3.00    3.00

 Macierz po obliczeniach:
   -1.00    2.00    3.00    3.00    3.00    8.00
    0.00   13.00    6.00    6.00    6.00   40.00
    0.00    0.00   -9.77   -9.77   -9.77  -40.46
    0.00    0.00    0.00   33.00   -7.00   -7.99
    0.00    0.00    0.00    0.00   -6.00   -5.00

 Niewiadome:
    6.76
    1.17
    3.37
   -0.07
    0.83
